{"atc_code":"B01AC21","metadata":{"last_updated":"2020-09-06T07:46:37.877085Z","applied_components":{"decision_date_extraction":{"output_fields":["attachment.decision_date"],"input_checksum":"4fa4dd93db59a40af8da3415413072510b4f3be0f0d28dca16e5c3fa2dafb766","last_success":"2021-01-21T17:03:42.947720Z","output_checksum":"f429f64808d84b4b08098bf403595a8de2439affb9624c54bcfd025793addffd","success":true,"name":"decision_date_extraction","input_fields":["attachment.type","attachment.content"],"version":1,"finish_time":"2021-01-21T17:03:42.947720Z","status":"NOT_APPLICABLE"},"study-ids-enricher":{"output_fields":["attachment.studies","attachment.max_study_phase"],"input_checksum":"5acdd34b8ded67f6dbd75de19db583c58175aa4b79b7484f749f0ec4b26eb565","last_success":"2021-01-21T17:01:26.363305Z","output_checksum":"f429f64808d84b4b08098bf403595a8de2439affb9624c54bcfd025793addffd","success":true,"name":"study-ids-enricher","input_fields":["attachment.type","active_substance","attachment.content"],"version":27,"finish_time":"2021-01-21T17:01:26.363305Z","status":"NOT_APPLICABLE"},"EmaDataAccessor":{"output_fields":[],"input_checksum":"44136fa355b3678a1146ad16f7e8649e94fb4fc21fe77e8310c060f61caaff8a","last_success":"2020-09-06T07:46:37.877085Z","output_checksum":"44136fa355b3678a1146ad16f7e8649e94fb4fc21fe77e8310c060f61caaff8a","success":true,"name":"EmaDataAccessor","input_fields":[],"version":3,"finish_time":"2020-09-06T07:46:37.877085Z","status":"UP_TO_DATE"},"historic_pivotal_studies":{"output_fields":["attachment.studies.known_pivotal"],"input_checksum":"f429f64808d84b4b08098bf403595a8de2439affb9624c54bcfd025793addffd","last_success":"2020-09-10T12:15:21.507158Z","output_checksum":"f429f64808d84b4b08098bf403595a8de2439affb9624c54bcfd025793addffd","success":true,"name":"historic_pivotal_studies","input_fields":["attachment.studies.study_ids"],"version":2,"finish_time":"2020-09-10T12:15:21.507158Z","status":"UP_TO_DATE"},"section_ranges_extraction":{"output_fields":["attachment.labelSections"],"input_checksum":"4fa4dd93db59a40af8da3415413072510b4f3be0f0d28dca16e5c3fa2dafb766","last_success":"2020-11-19T18:24:31.077019Z","output_checksum":"216cc580807d0317c6326ebb0a2a2456e32b8151082162a6fe96d247b9c6e203","success":true,"name":"section_ranges_extraction","input_fields":["attachment.type","attachment.content"],"version":2,"finish_time":"2020-11-19T18:24:31.077019Z","status":"UP_TO_DATE"},"AttachmentDownloader":{"output_fields":["attachment.content","attachment.first_published","attachment.last_updated"],"input_checksum":"f3b48f09812c62e0cff58068db633e8424a215bf935b377cfa52cf81acf97e55","last_success":"2020-09-06T10:26:25.764767Z","output_checksum":"45e039549af712baa375040327aaa4dfec0e53200bbe403cd3a13fa268031a91","success":true,"name":"AttachmentDownloader","input_fields":["attachment.link"],"version":2,"finish_time":"2020-09-06T10:26:25.764767Z","status":"UP_TO_DATE"},"prime_designation_enricher":{"output_fields":["prime_designation"],"input_checksum":"4fa4dd93db59a40af8da3415413072510b4f3be0f0d28dca16e5c3fa2dafb766","last_success":"2020-11-18T17:27:00.992920Z","output_checksum":"dcf4d2ed94fa29974e643bd4a70cd26ec785f1130958f3e23e8022193699a97a","success":true,"name":"prime_designation_enricher","input_fields":["attachment.type","attachment.content"],"version":3,"finish_time":"2020-11-18T17:27:00.992920Z","status":"UP_TO_DATE"},"rapporteur_extraction":{"output_fields":["attachment.co_rapporteur","attachment.main_rapporteur"],"input_checksum":"4fa4dd93db59a40af8da3415413072510b4f3be0f0d28dca16e5c3fa2dafb766","last_success":"2021-01-21T17:12:42.900801Z","output_checksum":"f429f64808d84b4b08098bf403595a8de2439affb9624c54bcfd025793addffd","success":true,"name":"rapporteur_extraction","input_fields":["attachment.type","attachment.content"],"version":2,"finish_time":"2021-01-21T17:12:42.900801Z","status":"NOT_APPLICABLE"}},"agency":"EMA","product_id":"24EBC9A60801542EE117202521BB1412","direct_link":"https://www.ema.europa.eu/en/medicines/human/EPAR/trepulmix","first_created":"2020-09-06T07:46:37.876767Z","component_failures":{"section_ranges_extraction":"com.bayer.rapid.rest.RestEnricherException: Enricher returned error code 500, message: Internal Server Error","prime_designation_enricher":"com.bayer.rapid.rest.RestEnricherException: Enricher returned error code 500, message: Internal Server Error"}},"revision_number":0,"approval_status":"authorised","active_substance":"Treprostinil sodium","additional_monitoring":false,"inn":"treprostinil","prime_designation":false,"accelerated_assessment":false,"orphan":true,"product_name":"Trepulmix","authorization_holder":"SciPharm Sàrl","generic":false,"product_number":"EMEA/H/C/005207","initial_approval_date":"2020-04-03","attachment":[{"last_updated":"2020-02-26","labelSections":[{"name":"HEADER","start":0,"end":11},{"name":"1. NAME OF THE MEDICINAL PRODUCT","start":12,"end":55},{"name":"2. QUALITATIVE AND QUANTITATIVE COMPOSITION","start":56,"end":318},{"name":"3. PHARMACEUTICAL FORM","start":319,"end":361},{"name":"4. CLINICAL PARTICULARS","start":362,"end":366},{"name":"4.1 Therapeutic indications","start":367,"end":420},{"name":"4.2 Posology and method of administration","start":421,"end":4038},{"name":"4.4 Special warnings and precautions for use","start":4039,"end":4730},{"name":"4.5 Interaction with other medicinal products and other forms of interaction","start":4731,"end":5169},{"name":"4.6 Fertility, pregnancy and lactation","start":5170,"end":5282},{"name":"4.7 Effects on ability to drive and use machines","start":5283,"end":5340},{"name":"4.8 Undesirable effects","start":5341,"end":5909},{"name":"5. PHARMACOLOGICAL PROPERTIES","start":5910,"end":6434},{"name":"5.2 Pharmacokinetic properties","start":6435,"end":7262},{"name":"6. PHARMACEUTICAL PARTICULARS","start":7263,"end":7267},{"name":"6.1 List of excipients","start":7268,"end":7306},{"name":"6.3 Shelf life","start":7307,"end":7364},{"name":"6.4 Special precautions for storage","start":7365,"end":7395},{"name":"6.5 Nature and contents of container <and special equipment for use, administration or implantation>","start":7396,"end":7550},{"name":"6.6 Special precautions for disposal <and other handling>","start":7551,"end":7578},{"name":"7. MARKETING AUTHORISATION HOLDER","start":7579,"end":7596},{"name":"8. MARKETING AUTHORISATION NUMBER(S)","start":7597,"end":7611},{"name":"9. DATE OF FIRST AUTHORISATION/RENEWAL OF THE AUTHORISATION","start":7612,"end":7623},{"name":"10. DATE OF REVISION OF THE TEXT","start":7624,"end":7995},{"name":"2. STATEMENT OF ACTIVE SUBSTANCE(S)","start":7996,"end":8032},{"name":"3. LIST OF EXCIPIENTS","start":8033,"end":8058},{"name":"4. PHARMACEUTICAL FORM AND CONTENTS","start":8059,"end":8074},{"name":"5. METHOD AND ROUTE(S) OF ADMINISTRATION","start":8075,"end":8095},{"name":"6. SPECIAL WARNING THAT THE MEDICINAL PRODUCT MUST BE STORED OUT OF THE SIGHT AND REACH OF CHILDREN","start":8096,"end":8127},{"name":"7. OTHER SPECIAL WARNING(S), IF NECESSARY","start":8128,"end":8137},{"name":"8. EXPIRY DATE","start":8138,"end":8146},{"name":"9. SPECIAL STORAGE CONDITIONS","start":8147,"end":8158},{"name":"10. SPECIAL PRECAUTIONS FOR DISPOSAL OF UNUSED MEDICINAL PRODUCTS OR WASTE MATERIALS DERIVED FROM SUCH MEDICINAL PRODUCTS, IF APPROPRIATE","start":8159,"end":8182},{"name":"11. NAME AND ADDRESS OF THE MARKETING AUTHORISATION HOLDER","start":8183,"end":8205},{"name":"12. MARKETING AUTHORISATION NUMBER(S)","start":8206,"end":8214},{"name":"13. BATCH NUMBER<, DONATION AND PRODUCT CODES>","start":8215,"end":8228},{"name":"14. GENERAL CLASSIFICATION FOR SUPPLY","start":8229,"end":8235},{"name":"15. INSTRUCTIONS ON USE","start":8236,"end":8241},{"name":"16. INFORMATION IN BRAILLE","start":8242,"end":8257},{"name":"17. UNIQUE IDENTIFIER – 2D BARCODE","start":8258,"end":8274},{"name":"18. UNIQUE IDENTIFIER - HUMAN READABLE DATA","start":8275,"end":8343},{"name":"3. EXPIRY DATE","start":8344,"end":8350},{"name":"4. BATCH NUMBER<, DONATION AND PRODUCT CODES>","start":8351,"end":8407},{"name":"1. NAME OF THE MEDICINAL PRODUCT AND ROUTE(S) OF ADMINISTRATION","start":8408,"end":8772},{"name":"2. METHOD OF ADMINISTRATION","start":8773,"end":8799},{"name":"5. CONTENTS BY WEIGHT, BY VOLUME OR BY UNIT","start":8800,"end":8815},{"name":"6. OTHER","start":8816,"end":12079},{"name":"5. How to store X","start":12080,"end":12245}],"oldtype":"product-information","link":"https://www.ema.europa.eu/documents/product-information/trepulmix-epar-product-information_en.pdf","id":"3B98C791CC2CED2DA546A015A5ADA96F","type":"productinformation","title":"Trepulmix : EPAR - Product Information","first_published":"2020-04-08","content":"1 \n\n \n \n \n \n \n \n \n \n \n \n \n \n \n \n \n \n \n \n \n \n \n \n\nANNEX I \nSUMMARY OF PRODUCT CHARACTERISTICS \n\n\n\n2 \n\n1. NAME OF THE MEDICINAL PRODUCT \n \nTrepulmix 1 mg/ml solution for infusion \nTrepulmix 2.5 mg/ml solution for infusion \nTrepulmix 5 mg/ml solution for infusion \nTrepulmix 10 mg/ml solution for infusion \n \n \n2. QUALITATIVE AND QUANTITATIVE COMPOSITION \n \nTrepulmix 1 mg/ml solution for infusion: \n \nOne ml of solution contains 1 mg treprostinil (as sodium salt). \nEach 10 ml vial of solution contains 10 mg treprostinil (as sodium salt). \n \nExcipients with known effect  \nEach 10 ml vial contains 36.8 mg (1.60 mmol) sodium. \n \nTrepulmix 2.5 mg/ml solution for infusion: \n \nOne ml of solution contains 2.5 mg treprostinil (as sodium salt). \nEach 10 ml vial of solution contains 25 mg treprostinil (as sodium salt). \n \nExcipients with known effect \nEach 10 ml vial contains 37.3 mg (1.62 mmol) sodium. \n \nTrepulmix 5 mg/ml solution for infusion: \nOne ml of solution contains 5 mg treprostinil (as sodium salt). \nEach 10 ml vial of solution contains 50 mg treprostinil (as sodium salt). \n \nExcipients with known effect  \nEach 10 ml vial contains 39.1 mg (1.70 mmol) sodium. \n \nTrepulmix 10 mg/ml solution for infusion: \nOne ml of solution contains 10 mg treprostinil (as sodium salt). \nEach 10 ml vial of solution contains 100 mg treprostinil (as sodium salt). \n \nExcipients with known effect  \nEach 10 ml vial contains 37.4 mg (1.63 mmol) sodium. \n \nFor the full list of excipients, see section 6.1. \n \n \n3. PHARMACEUTICAL FORM \n \nSolution for infusion. \n \nClear colourless to slightly yellow solution, free from visible particles with a pH of 6.0 – 7.2 and an \nosmolality between 253 and 284 mOsm/kg. \n \n \n\n\n\n3 \n\n4. CLINICAL PARTICULARS \n \n4.1 Therapeutic indications \n \nTrepulmix is indicated for the treatment of adult patients with WHO Functional Class (FC) III or IV \nand: \n\n- inoperable chronic thromboembolic pulmonary hypertension (CTEPH), or  \n- persistent or recurrent CTEPH after surgical treatment  \n\nto improve exercise capacity. \n \n4.2 Posology and method of administration \nTreatment with Trepulmix should be initiated and monitored only by clinicians experienced in the \ntreatment of pulmonary hypertension. Treatment should be initiated under close medical supervision \nin a medical setting able to provide intensive care. \n \nPosology \n \nThe recommended initial infusion rate is 1.25 ng/kg/min. If this initial dose is poorly tolerated, the \ninfusion rate should be reduced to 0.625 ng/kg/min. \n \nDose adjustments \nThe infusion rate should be increased under medical supervision in increments of up to 1.25 ng/kg/min \nper week for the first four weeks of treatment and then up to 2.5 ng/kg/min per week.   \n \nThe dose should be adjusted on an individual basis and under medical supervision in order to achieve \na maintenance dose at which symptoms improve and which is tolerated by the patient.  \n \nDuring the follow-up phase of a clinical trial in CTEPH patients, the mean doses reached after 12 \nmonths were 31 ng/kg/min, after 24 months 33 ng/kg/min, and after 48 months 39 ng/kg/min. The \nrespective maximum doses observed in the clinical trial were 52 ng/kg/min, 54 ng/kg/min and \n50 ng/kg/min respectively. \n \nAbrupt withdrawal or sudden marked reductions in the dose of treprostinil may cause a rebound of \nsymptoms of chronic thromboembolic pulmonary hypertension. It is therefore recommended that \ninterruption of treprostinil therapy is avoided and that the infusion is re-started as soon as possible \nafter an abrupt accidental dose reduction or interruption. The optimal strategy for reintroducing \ntreprostinil infusion needs to be determined on a case by case basis by medically qualified personnel. \nIn most cases, after an interruption of up to 4 hours, restarting of treprostinil infusion can be done \nusing the same dose rate; interruptions for up to 24 hours may require a dose reduction of up to 50% of \nthe most recent dose with a subsequent uptitration to the clinically effective dose. Longer periods of \ninterruption may require the dose of treprostinil to be re-titrated from even lower flow rates. In any \ncase, the reintroduction of treprostinil should be under medical supervision. \n \nSpecial populations \nHepatic impairment \nThe initial dose of Trepulmix should be decreased to 0.625 ng/kg/min and incremental dose increases \nshould be made cautiously (see section 5.2). Increments could be reduced to 0.625 ng/kg/min per dose \nincrease, the final decision on the dose increments is at the discretion of the supervising physician. \nPlease note that “Severe hepatic impairment (Child-Pugh Class C) is listed as contraindication for use \nof treprostinil, see section 4.3. \n \nRenal impairment \nAs no clinical studies have been carried out in patients with renal impairment, the treatment \nrecommendations are not established for patients with renal impairment. As treprostinil and its \nmetabolites are excreted mainly through the urinary route, caution is recommended when treating \npatients with renal impairment in order to prevent deleterious consequences related to the possible \nincrease of systemic exposure. \n\n\n\n4 \n\n \nElderly  \nNo pharmacokinetic data of treprostinil in elderly is available. Caution is recommended when treating \nelderly patients due to higher incidence of hepatic and / or renal impairment. \n \n  \nObese patients \nTherapy of obese patients (weight ≥ 30% above ideal weight) should be initiated and increased with \ndoses calculated based on their ideal weight. See section 5.2 for more information. \n \nPaediatric population \nThere is no relevant use of treprostinil in children and adolescents for the indication of CTEPH. \n \nMethod of administration \n \nTrepulmix is for subcutaneous use. It is administered undiluted by continuous infusion via a \nsubcutaneous catheter using an ambulatory infusion pump. \n  \nThe healthcare professional responsible for the therapy must ensure that the patient is fully trained and \ncompetent to use the chosen infusion device.  All patients must be trained in preparation of the \ntreprostinil infusion reservoir and priming of the infusion delivery tubing and connection. Written \nguidance, either from the pump manufacturer or specially tailored advice by the prescribing physician \nmust be made available to the patient. This includes the required normal drug delivery actions, advice \nhow to manage occlusions and other pump alarms, and details whom to contact in an emergency. \n \nIn order to avoid interruptions in drug delivery, the patient must have access to a backup infusion \npump and subcutaneous infusion sets in the event that the administration equipment should suffer an \naccidental malfunction. \n \nThe ambulatory infusion pump used to administer undiluted Trepulmix subcutaneously, should be: \n\n• small and lightweight, \n• capable of adjusting infusion rates in increments of 0.002 ml/h or less, \n• fitted with occlusion, low battery, programming error and motor malfunction alarms, \n• accurate to within +/- 6% of the programmed delivery rate  \n• positive pressure driven (continuous or pulsated). \n\n \nThe reservoir must be made of polypropylene or glass. \n \nPatients must be thoroughly trained in the use and programming of the pump, and the connection and \ncare of the infusion set. \n \nFlushing the infusion line whilst connected to the patient may lead to accidental overdose. For more \ninformation on the symptoms and treatment of overdose please refer to Section 4.9 of this document. \n \nTrepulmix is available at concentrations of 1, 2.5, 5 and 10 mg/ml. \n \nFor subcutaneous infusion, Trepulmix is delivered without further dilution at a calculated \nsubcutaneous infusion rate (ml/h) based on a patient’s dose (ng/kg/min), weight (kg), and the vial \nstrength (mg/ml) of Trepulmix being used. During use a single reservoir (syringe) of undiluted \nTrepulmix can be administered up to 72 hours at 37°C. The subcutaneous infusion rate is calculated \nusing the following formula: \n \n \n \n \n \n*Conversion factor of 0.00006 = 60 min/hour x 0.000001 mg/ng \n\nSubcutaneous \nInfusion Rate \n\n(ml/h) \n= \n\nDose (ng/kg/min) x Weight (kg) x 0.00006* \n\nTrepulmix Vial Strength (mg/ml) \n\n\n\n5 \n\n \nTo avoid calculation errors due to the complex formula please check the dose calculation tables \nbelow. For each medicinal product strength one dose calculation table is available. \n \nExample calculations for subcutaneous infusion are as follows: \n \nExample 1: \n \nFor a 60 kg person at the recommended initial dose of 1.25 ng/kg/min using the 1 mg/ml Trepulmix \nVial Strength, the infusion rate would be calculated as follows: \n \n\nSubcutaneous \nInfusion Rate \n\n(ml/h) \n= 1.25 ng/kg/min x 60 kg x 0.00006 =  0.005 ml/h 1 mg/ml \n\n \n \nExample 2: \n \nFor a 65 kg person at a dose of 40 ng/kg/min using the 5 mg/ml Trepulmix Vial Strength, the infusion \nrate would be calculated as follows: \n \n\nSubcutaneous \nInfusion Rate \n\n(ml/h) \n= \n\n40 ng/kg/min x 65 kg x 0.00006 \n=  0.031 ml/h 5 mg/ml \n\n \n \n\n \nTable 1-1 provides guidance for subcutaneous infusion delivery rates of Trepulmix 1 mg/ml for \npatients of different body weights corresponding to doses of up to 42.5 ng/kg/min. \n \nTable 1-1: \n\nInfusion rate setting of subcutaneous pump (ml/h) for Trepulmix 1 mg/ml \n \n\nPatient Weight (kg) \nDose \n(ng/kg/min) 25 30 35 40 45 50 55 60 65 70 75 80 85 90 95 100 \n1.25 0.002 0.002 0.003 0.003 0.003 0.004 0.004 0.005 0.005 0.005 0.006 0.006 0.006 0.007 0.007 0.008 \n2.5 0.004 0.005 0.005 0.006 0.007 0.008 0.008 0.009 0.010 0.011 0.011 0.012 0.013 0.014 0.014 0.015 \n3.75 0.006 0.007 0.008 0.009 0.010 0.011 0.012 0.014 0.015 0.016 0.017 0.018 0.019 0.020 0.021 0.023 \n5 0.008 0.009 0.011 0.012 0.014 0.015 0.017 0.018 0.020 0.021 0.023 0.024 0.026 0.027 0.029 0.030 \n6.25 0.009 0.011 0.013 0.015 0.017 0.019 0.021 0.023 0.024 0.026 0.028 0.030 0.032 0.034 0.036 0.038 \n7.5 0.011 0.014 0.016 0.018 0.020 0.023 0.025 0.027 0.029 0.032 0.034 0.036 0.038 0.041 0.043 0.045 \n8.75 0.013 0.016 0.018 0.021 0.024 0.026 0.029 0.032 0.034 0.037 0.039 0.042 0.045 0.047 0.050 0.053 \n10 0.015 0.018 0.021 0.024 0.027 0.030 0.033 0.036 0.039 0.042 0.045 0.048 0.051 0.054 0.057 0.060 \n11.25 0.017 0.020 0.024 0.027 0.030 0.034 0.037 0.041 0.044 0.047 0.051 0.054 0.057 0.061 0.064 0.068 \n12.5 0.019 0.023 0.026 0.030 0.034 0.038 0.041 0.045 0.049 0.053 0.056 0.060 0.064 0.068 0.071 0.075 \n13.75 0.021 0.025 0.029 0.033 0.037 0.041 0.045 0.050 0.054 0.058 0.062 0.066 0.070 0.074 0.078 0.083 \n15 0.023 0.027 0.032 0.036 0.041 0.045 0.050 0.054 0.059 0.063 0.068 0.072 0.077 0.081 0.086 0.090 \n16.25 0.024 0.029 0.034 0.039 0.044 0.049 0.054 0.059 0.063 0.068 0.073 0.078 0.083 0.088 0.093 0.098 \n17.5 0.026 0.032 0.037 0.042 0.047 0.053 0.058 0.063 0.068 0.074 0.079 0.084 0.089 0.095 0.100 0.105 \n18.75 0.028 0.034 0.039 0.045 0.051 0.056 0.062 0.068 0.073 0.079 0.084 0.090 0.096 0.101 0.107 0.113 \n20 0.030 0.036 0.042 0.048 0.054 0.060 0.066 0.072 0.078 0.084 0.090 0.096 0.102 0.108 0.114 0.120 \n21.25 0.032 0.038 0.045 0.051 0.057 0.064 0.070 0.077 0.083 0.089 0.096 0.102 0.108 0.115 0.121 0.128 \n22.5 0.034 0.041 0.047 0.054 0.061 0.068 0.074 0.081 0.088 0.095 0.101 0.108 0.115 0.122 0.128 0.135 \n23.75 0.036 0.043 0.050 0.057 0.064 0.071 0.078 0.086 0.093 0.100 0.107 0.114 0.121 0.128 0.135 0.143 \n25 0.038 0.045 0.053 0.060 0.068 0.075 0.083 0.090 0.098 0.105 0.113 0.120 0.128 0.135 0.143 0.150 \n27.5 0.041 0.050 0.058 0.066 0.074 0.083 0.091 0.099 0.107 0.116 0.124 0.132 0.140 0.149 0.157 0.165 \n30 0.045 0.054 0.063 0.072 0.081 0.090 0.099 0.108 0.117 0.126 0.135 0.144 0.153 0.162 0.171 0.180 \n32.5 0.049 0.059 0.068 0.078 0.088 0.098 0.107 0.117 0.127 0.137 0.146 0.156 0.166 0.176 0.185 0.195 \n35 0.053 0.063 0.074 0.084 0.095 0.105 0.116 0.126 0.137 0.147 0.158 0.168 0.179 0.189 0.200 0.210 \n37.5 0.056 0.068 0.079 0.090 0.101 0.113 0.124 0.135 0.147 0.158 0.169 0.180 0.191 0.203 0.214 0.225 \n40 0.060 0.072 0.084 0.096 0.108 0.120 0.132 0.144 0.156 0.168 0.180 0.192 0.204 0.216 0.228 0.240 \n42.5 0.064 0.077 0.089 0.102 0.115 0.128 0.140 0.153 0.166 0.179 0.191 0.204 0.217 0.230 0.242 0.255 \nThe shaded areas indicate the highest infusion rate which is possible with a 3 ml syringe change every three \ndays. \n\n\n\n6 \n\nTable 1-2 provides guidance for subcutaneous infusion delivery rates of Trepulmix 2.5 mg/ml for \npatients of different body weights corresponding to doses of up to 42.5 ng/kg/min. \n \nTable 1-2: \n\nInfusion rate setting of subcutaneous pump (ml/h) for Trepulmix 2.5 mg/ml \n \n\nPatient Weight (kg) \nDose \n(ng/kg/min) 25 30 35 40 45 50 55 60 65 70 75 80 85 90 95 100 \n\n5 0.003 0.004 0.004 0.005 0.005 0.006 0.007 0.007 0.008 0.008 0.009 0.010 0.010 0.011 0.011 0.012 \n6.25 0.004 0.005 0.005 0.006 0.007 0.008 0.008 0.009 0.010 0.011 0.011 0.012 0.013 0.014 0.014 0.015 \n7.5 0.005 0.005 0.006 0.007 0.008 0.009 0.010 0.011 0.012 0.013 0.014 0.014 0.015 0.016 0.017 0.018 \n\n8.75 0.005 0.006 0.007 0.008 0.009 0.011 0.012 0.013 0.014 0.015 0.016 0.017 0.018 0.019 0.020 0.021 \n10 0.006 0.007 0.008 0.010 0.011 0.012 0.013 0.014 0.016 0.017 0.018 0.019 0.020 0.022 0.023 0.024 \n\n11.25 0.007 0.008 0.009 0.011 0.012 0.014 0.015 0.016 0.018 0.019 0.020 0.022 0.023 0.024 0.026 0.027 \n12.5 0.008 0.009 0.011 0.012 0.014 0.015 0.017 0.018 0.020 0.021 0.023 0.024 0.026 0.027 0.029 0.030 \n13.75 0.008 0.010 0.012 0.013 0.015 0.017 0.018 0.020 0.021 0.023 0.025 0.026 0.028 0.030 0.031 0.033 \n\n15 0.009 0.011 0.013 0.014 0.016 0.018 0.020 0.022 0.023 0.025 0.027 0.029 0.031 0.032 0.034 0.036 \n16.25 0.010 0.012 0.014 0.016 0.018 0.020 0.021 0.023 0.025 0.027 0.029 0.031 0.033 0.035 0.037 0.039 \n17.5 0.011 0.013 0.015 0.017 0.019 0.021 0.023 0.025 0.027 0.029 0.032 0.034 0.036 0.038 0.040 0.042 \n18.75 0.011 0.014 0.016 0.018 0.020 0.023 0.025 0.027 0.029 0.032 0.034 0.036 0.038 0.041 0.043 0.045 \n\n20 0.012 0.014 0.017 0.019 0.022 0.024 0.026 0.029 0.031 0.034 0.036 0.038 0.041 0.043 0.046 0.048 \n21.25 0.013 0.015 0.018 0.020 0.023 0.026 0.028 0.031 0.033 0.036 0.038 0.041 0.043 0.046 0.048 0.051 \n22.5 0.014 0.016 0.019 0.022 0.024 0.027 0.030 0.032 0.035 0.038 0.041 0.043 0.046 0.049 0.051 0.054 \n23.75 0.014 0.017 0.020 0.023 0.026 0.029 0.031 0.034 0.037 0.040 0.043 0.046 0.048 0.051 0.054 0.057 \n\n25 0.015 0.018 0.021 0.024 0.027 0.030 0.033 0.036 0.039 0.042 0.045 0.048 0.051 0.054 0.057 0.060 \n27.5 0.017 0.020 0.023 0.026 0.030 0.033 0.036 0.040 0.043 0.046 0.050 0.053 0.056 0.059 0.063 0.066 \n30 0.018 0.022 0.025 0.029 0.032 0.036 0.040 0.043 0.047 0.050 0.054 0.058 0.061 0.065 0.068 0.072 \n\n32.5 0.020 0.023 0.027 0.031 0.035 0.039 0.043 0.047 0.051 0.055 0.059 0.062 0.066 0.070 0.074 0.078 \n35 0.021 0.025 0.029 0.034 0.038 0.042 0.046 0.050 0.055 0.059 0.063 0.067 0.071 0.076 0.080 0.084 \n\n37.5 0.023 0.027 0.032 0.036 0.041 0.045 0.050 0.054 0.059 0.063 0.068 0.072 0.077 0.081 0.086 0.090 \n40 0.024 0.029 0.034 0.038 0.043 0.048 0.053 0.058 0.062 0.067 0.072 0.077 0.082 0.086 0.091 0.096 \n\n42.5 0.026 0.031 0.036 0.041 0.046 0.051 0.056 0.061 0.066 0.071 0.077 0.082 0.087 0.092 0.097 0.102 \nThe shaded areas indicate the highest infusion rate which is possible with a 3 ml syringe change every three \ndays. \n \nTable 1-3 provides guidance for subcutaneous infusion delivery rates of Trepulmix 5 mg/ml for \npatients of different body weights corresponding to doses of up to 80 ng/kg/min. \n \nTable 1-3: \n\n \nInfusion rate setting of subcutaneous pump (ml/h) for Trepulmix 5 mg/ml \n\n \nPatient Weight (kg) \n\nDosis \n(ng/kg/min) 35 40 45 50 55 60 65 70 75 80 85 90 95 100 \n\n10 0.004 0.005 0.005 0.006 0.007 0.007 0.008 0.008 0.009 0.010 0.010 0.011 0.011 0.012 \n12.5 0.005 0.006 0.007 0.008 0.008 0.009 0.010 0.011 0.011 0.012 0.013 0.014 0.014 0.015 \n15 0.006 0.007 0.008 0.009 0.010 0.011 0.012 0.013 0.014 0.014 0.015 0.016 0.017 0.018 \n\n17.5 0.007 0.008 0.009 0.011 0.012 0.013 0.014 0.015 0.016 0.017 0.018 0.019 0.020 0.021 \n20 0.008 0.010 0.011 0.012 0.013 0.014 0.016 0.017 0.018 0.019 0.020 0.022 0.023 0.024 \n\n22.5 0.009 0.011 0.012 0.014 0.015 0.016 0.018 0.019 0.020 0.022 0.023 0.024 0.026 0.027 \n25 0.011 0.012 0.014 0.015 0.017 0.018 0.020 0.021 0.023 0.024 0.026 0.027 0.029 0.030 \n\n27.5 0.012 0.013 0.015 0.017 0.018 0.020 0.021 0.023 0.025 0.026 0.028 0.030 0.031 0.033 \n30 0.013 0.014 0.016 0.018 0.020 0.022 0.023 0.025 0.027 0.029 0.031 0.032 0.034 0.036 \n\n32.5 0.014 0.016 0.018 0.020 0.021 0.023 0.025 0.027 0.029 0.031 0.033 0.035 0.037 0.039 \n35 0.015 0.017 0.019 0.021 0.023 0.025 0.027 0.029 0.032 0.034 0.036 0.038 0.040 0.042 \n\n37.5 0.016 0.018 0.020 0.023 0.025 0.027 0.029 0.032 0.034 0.036 0.038 0.041 0.043 0.045 \n40 0.017 0.019 0.022 0.024 0.026 0.029 0.031 0.034 0.036 0.038 0.041 0.043 0.046 0.048 \n\n42.5 0.018 0.020 0.023 0.026 0.028 0.031 0.033 0.036 0.038 0.041 0.043 0.046 0.048 0.051 \n45 0.019 0.022 0.024 0.027 0.030 0.032 0.035 0.038 0.041 0.043 0.046 0.049 0.051 0.054 \n\n47.5 0.020 0.023 0.026 0.029 0.031 0.034 0.037 0.040 0.043 0.046 0.048 0.051 0.054 0.057 \n50 0.021 0.024 0.027 0.030 0.033 0.036 0.039 0.042 0.045 0.048 0.051 0.054 0.057 0.060 \n55 0.023 0.026 0.030 0.033 0.036 0.040 0.043 0.046 0.050 0.053 0.056 0.059 0.063 0.066 \n60 0.025 0.029 0.032 0.036 0.040 0.043 0.047 0.050 0.054 0.058 0.061 0.065 0.068 0.072 \n65 0.027 0.031 0.035 0.039 0.043 0.047 0.051 0.055 0.059 0.062 0.066 0.070 0.074 0.078 \n70 0.029 0.034 0.038 0.042 0.046 0.050 0.055 0.059 0.063 0.067 0.071 0.076 0.080 0.084 \n75 0.032 0.036 0.041 0.045 0.050 0.054 0.059 0.063 0.068 0.072 0.077 0.081 0.086 0.090 \n80 0.034 0.038 0.043 0.048 0.053 0.058 0.062 0.067 0.072 0.077 0.082 0.086 0.091 0.096 \n\nThe shaded areas indicate the highest infusion rate which is possible with a 3 ml syringe change every three \ndays. \n \n\n\n\n7 \n\nTable 1-4 provides guidance for subcutaneous infusion delivery rates of Trepulmix 10 mg/ml for \npatients of different body weights corresponding to doses of up to 155 ng/kg/min. \n \nTable 1-4: \n\nInfusion rate setting of subcutaneous pump (ml/h) for Trepulmix 10 mg/ml \n \n\nPatient Weight (kg) \nDosis \n\n(ng/kg/min) 35 40 45 50 55 60 65 70 75 80 85 90 95 100 \n50 0.011 0.012 0.014 0.015 0.017 0.018 0.020 0.021 0.023 0.024 0.026 0.027 0.029 0.030 \n55 0.012 0.013 0.015 0.017 0.018 0.020 0.021 0.023 0.025 0.026 0.028 0.030 0.031 0.033 \n60 0.013 0.014 0.016 0.018 0.020 0.022 0.023 0.025 0.027 0.029 0.031 0.032 0.034 0.036 \n65 0.014 0.016 0.018 0.020 0.021 0.023 0.025 0.027 0.029 0.031 0.033 0.035 0.037 0.039 \n70 0.015 0.017 0.019 0.021 0.023 0.025 0.027 0.029 0.032 0.034 0.036 0.038 0.040 0.042 \n75 0.016 0.018 0.020 0.023 0.025 0.027 0.029 0.032 0.034 0.036 0.038 0.041 0.043 0.045 \n80 0.017 0.019 0.022 0.024 0.026 0.029 0.031 0.034 0.036 0.038 0.041 0.043 0.046 0.048 \n85 0.018 0.020 0.023 0.026 0.028 0.031 0.033 0.036 0.038 0.041 0.043 0.046 0.048 0.051 \n90 0.019 0.022 0.024 0.027 0.030 0.032 0.035 0.038 0.041 0.043 0.046 0.049 0.051 0.054 \n95 0.020 0.023 0.026 0.029 0.031 0.034 0.037 0.040 0.043 0.046 0.048 0.051 0.054 0.057 \n\n100 0.021 0.024 0.027 0.030 0.033 0.036 0.039 0.042 0.045 0.048 0.051 0.054 0.057 0.060 \n105 0.022 0.025 0.028 0.032 0.035 0.038 0.041 0.044 0.047 0.050 0.054 0.057 0.060 0.063 \n110 0.023 0.026 0.030 0.033 0.036 0.040 0.043 0.046 0.050 0.053 0.056 0.059 0.063 0.066 \n115 0.024 0.028 0.031 0.035 0.038 0.041 0.045 0.048 0.052 0.055 0.059 0.062 0.066 0.069 \n120 0.025 0.029 0.032 0.036 0.040 0.043 0.047 0.050 0.054 0.058 0.061 0.065 0.068 0.072 \n125 0.026 0.030 0.034 0.038 0.041 0.045 0.049 0.053 0.056 0.060 0.064 0.068 0.071 0.075 \n130 0.027 0.031 0.035 0.039 0.043 0.047 0.051 0.055 0.059 0.062 0.066 0.070 0.074 0.078 \n135 0.028 0.032 0.036 0.041 0.045 0.049 0.053 0.057 0.061 0.065 0.069 0.073 0.077 0.081 \n140 0.029 0.034 0.038 0.042 0.046 0.050 0.055 0.059 0.063 0.067 0.071 0.076 0.080 0.084 \n145 0.030 0.035 0.039 0.044 0.048 0.052 0.057 0.061 0.065 0.070 0.074 0.078 0.083 0.087 \n150 0.032 0.036 0.041 0.045 0.050 0.054 0.059 0.063 0.068 0.072 0.077 0.081 0.086 0.090 \n155 0.033 0.037 0.042 0.047 0.051 0.056 0.060 0.065 0.070 0.074 0.079 0.084 0.088 0.093 \n\n \nShaded areas indicate the highest infusion rate supported by a 3 ml syringe change every three days. \n \n4.3 Contraindications \n \n• Hypersensitivity to the active substance or to any of the excipients listed in section 6.1. \n• Pulmonary veno-occlusive disease. \n• Severe decompensated left heart failure. \n• Severe hepatic impairment (Child-Pugh Class C). \n• Active gastrointestinal ulcer, intracranial haemorrhage, gastrointestinal injury or other \n\ngastrointestinal bleeding.  \n• Congenital or acquired valvular defects with clinically relevant myocardial dysfunction not related \n\nto pulmonary hypertension. \n• Severe coronary heart disease or unstable angina \n• Myocardial infarction within the last six months \n• Severe arrhythmias \n• Cerebrovascular events (e.g. transient ischaemic attack, stroke) within the last three months. \n• Co-administration with other prostanoids \n \n4.4 Special warnings and precautions for use \n \nGeneral therapy \nThe decision to initiate therapy with treprostinil should take into consideration the high probability \nthat continuous infusion will have to be continued for a prolonged period. Thus the patient's ability to \naccept and to be responsible for an indwelling catheter and infusion device should be carefully \nconsidered. The clinical team responsible for the therapy must ensure that the patient is fully trained \nand competent to use the chosen infusion device (see section 4.2). \n \nTreprostinil is a potent pulmonary and systemic vasodilator. In subjects presenting with low systemic \narterial pressure, treprostinil treatment may increase the risk of systemic hypotension. Treatment is not \nrecommended for patients with systolic arterial pressure of less than 85 mmHg. \n\n\n\n8 \n\nIt is recommended to monitor systemic blood pressure and heart rate during any change in dose with \ninstructions to stop the infusion if symptoms of hypotension develop, or a systolic blood pressure of \n85 mmHg or lower is detected. \n \nIf a patient develops pulmonary oedema while on treprostinil, the possibility of an concomitant \npulmonary veno-occlusive disease should be considered. The treatment should be stopped as \npulmonary veno-occlusive disease is a contraindication for therapy with treprostinil (see section 4.3). \n \nCaution is advised in situations where treprostinil may increase the risk of bleeding by inhibiting \nplatelet aggregation (see section 4.5 and 4.8).   \n \nWithdrawal \nAbrupt withdrawal or sudden marked reductions in the dose of treprostinil may cause a rebound in \npulmonary hypertension (see section 4.2).  \n \nSpecial populations \nPatients with hepatic and renal impairment should be dosed cautiously (see section 4.2). \nAs treprostinil and its metabolites are excreted mainly through the urinary route, caution is \nrecommended when treating patients with renal impairment in order to prevent deleterious \nconsequences related to the possible increase of systemic exposure (see section 4.2). \n \nSodium content \nTrepulmix 1 mg/ml solution for infusion \nThis medicinal product contains 36.8 mg sodium per 10 ml vial of 1mg/ml, equivalent to 1.8% of the \nWHO recommended maximum daily intake of 2 g sodium for an adult. \n \nTrepulmix 2.5 mg/ml solution for infusion \nThis medicinal product contains 37.3 mg mg sodium per 10 ml vial of 2.5 mg/ml, equivalent to 1.9% \nof the WHO recommended maximum daily intake of 2 g sodium for an adult. \n \nTrepulmix 5 mg/ml solution for infusion \nThis medicinal product contains 39.1 mg sodium per 10 ml vial of 5 mg/ml, equivalent to 2.0% of the \nWHO recommended maximum daily intake of 2 g sodium for an adult. \n \nTrepulmix 10 mg/ml solution for infusion \nThis medicinal product contains 37.4 mg sodium per 10 ml vial of 10 mg/ml, equivalent to 1.9% of the \nWHO recommended maximum daily intake of 2 g sodium for an adult. \n \nTo be taken into consideration by patients on a controlled sodium diet. \n \nConcomitant medicinal products \nConcomitant administration of cytochrome P450 (CYP2C8) enzyme inhibitors (as gemfibrozil) may \nlead to increased exposure (both Cmax and AUC) to treprostinil. With an increased exposure there is a \nlikelihood of a higher incidence of adverse events associated with the administration of treprostinil. \nTherefore, a dose reduction should be considered (see section 4.5).  \n \nConcomitant administration of CYP2C8 enzyme inducers (for example rifampicin) may result in a \ndecreased exposure to treprostinil. At a reduced exposure, it is likely to have decreased clinical \nefficacy. Therefore, a higher dose of treprostinil is to be considered (see section 4.5). \n \n\n\n\n9 \n\n4.5 Interaction with other medicinal products and other forms of interaction \n \nConcomitant administration with diuretics, antihypertensive agents, or other vasodilators \n \nConcomitant administration of treprostinil with diuretics, antihypertensive agents or other vasodilators \nincreases the risk of systemic hypotension.  \n \nConcomitant administration with platelet aggregation inhibitors, including NSAIDs and anticoagulants \n \nTreprostinil may inhibit platelet function. Concomitant administration of treprostinil with platelet \naggregation inhibitors, including NSAIDs, nitric oxide donors or anticoagulants may increase the risk \nof bleeding. Surveillance of patients taking anticoagulants should be closely maintained. The \nconcomitant use of other platelet inhibitors should be avoided in patients taking anticoagulants.  \n \nConcomitant administration with cytochrome P450 (CYP2C8) enzyme inducers/inhibitors  \n \nGemfibrozil and other CYP2C8 inhibitors \nPharmacokinetic studies in humans with oral treprostinil diolamine indicated that the concomitant \nadministration of cytochrome P450 (CYP2C8) enzyme inhibitor gemfibrozil doubles the exposure \n(both Cmax and AUC) to treprostinil. In case a CYP2C8 inhibitor (e.g. gemfibrozil, trimethoprim and \ndeferasirox) is added to or omitted from the patient’s treatment after the titration phase, a dose \nadjustment of treprostinil has to be considered. \n \nRifampicin and other CYP2C8 inducers \nPharmacokinetic studies in humans with oral treprostinil diolamine indicated that the concomitant \nadministration of CYP2C8 enzyme inducer rifampicin resulted in a reduced (by about 20%) exposure \nto treprostinil. In case rifampicin is added to or omitted from the patient’s treatment after the titration \nphase, a dose adjustment of treprostinil has to be considered. \n \nAlso other CYP2C8 inducers (e.g. phenytoin, carbamazepine, phenobarbital and St. John's Wort) may \nlead to reduced exposure to treprostinil. In case a CYP2C8 inhibitor is added to or omitted from the \npatient’s treatment after the titration phase, a dose adjustment of treprostinil has to be considered. \n \nConcomitant administration with bosentan \nIn a pharmacokinetic study in humans, in which bosentan (250 mg/day) and treprostinil diolamine \n(oral dose of 2 mg/day) were administered concomitantly, no pharmacokinetic interaction between \ntreprostinil and bosentan was observed.  \n \nConcomitant administration with sildenafil  \nIn a pharmacokinetic study in humans, in which sildenafil (60mg/day) and treprostinil diolamine (oral \ndose of 2 mg/day) were administered concomitantly, no pharmacokinetic interaction between \ntreprostinil and sildenafil was observed. \n \n4.6 Fertility, pregnancy and lactation \n \nPregnancy \nThere are no or limited amount of data from the use of treprostinil in pregnant women. Animal studies \nare insufficient with respect to effects on pregnancy (see section 5.3). Treprostinil should only be used \nduring pregnancy if the potential benefit to the mother justifies the potential risk to the foetus. \n \nWomen of child-bearing potential \nContraception is recommended during treprostinil treatment. \n \nBreast-feeding \nIt is not known whether treprostinil is excreted in human milk. Breastfeeding women taking \ntreprostinil should be advised to discontinue breastfeeding. \n\n\n\n10 \n\n \n4.7 Effects on ability to drive and use machines \n \nTreprostinil has minor influence on the ability to drive and use machines at the initiation of treatment \nor dose adjustments. They may be accompanied by undesirable effects such as symptomatic systemic \nhypotension or dizziness which may impair ability to drive and operate machinery. \n \n4.8 Undesirable effects \n \nSummary of safety profile \nIn addition to local effects resulting from the administration of treprostinil by subcutaneous infusion \nsuch as infusion site pain and infusion site reaction, adverse reactions with treprostinil are related to \nthe pharmacological properties of prostacyclins. \n \nTabulated summary of adverse reactions \nThe adverse reactions are presented as MedDRA preferred terms under the MedDRA system organ \nclass. The incidence of the adverse reactions below are expressed according to the following \ncategories: Very common (≥1/10); common (≥1/100 to <1/10); uncommon (≥1/1,000 to <1/100); rare \n(≥1/10,000 to <1/1,000); very rare (<1/10,000).  \n \nSystem organ class Adverse reaction Incidence \nNervous system disorders Headache Very common \n Dizziness Common \nEye disorders Eyelid oedema Uncommon \nCardiac disorders Vasodilatation Very common \n Hypotension Common \nGastrointestinal disorders Diarrhoea Very common \n Nausea Very common \n Dyspepsia Uncommon \n Vomiting Uncommon \nSkin and subcutaneous tissue \ndisorders \n\nRash Common \n\n Pruritus Uncommon \n Exanthema Uncommon \nMusculoskeletal, connective \ntissue disorders \n\nJaw pain Very common \n\n Myalgia, arthalgia Common \n Pain in extremities Common \n Back pain Uncommon \nGeneral disorders and \nadministration site conditions \n\nInfusion site pain, infusion site \nreaction, bleeding or \nhaematoma \n\nVery common \n\n Oedema Common \n Flushing Common \n Decreased appetite Uncommon \n Fatigue Uncommon \n \nDescription of selected adverse reactions \nBleeding events  \nDue to its effects on platelet aggregation, treprostinil may increase the risk of bleeding, as observed by \nan increased incidence of epistaxis and gastrointestinal (GI) bleeding (including GI haemorrhage, \nrectal haemorrhage, gum haemorrhage and melaena) in controlled clinical trials in PAH. \n \n\n\n\n11 \n\nEvents Observed During Clinical Practice: \nIn addition to adverse reactions reported from clinical trials in PAH patients, the following events have \nbeen identified during post-approval use of treprostinil in other indications. Because they are reported \nvoluntarily from a population of unknown size, estimates of frequency cannot be made. The following \nevents were reported: infusion site infection, subcutaneous infusion site abscess formation, \nthrombocytopenia, and bone pain. \nIn addition, generalised rashes, sometimes macular or papular 